<!-- Generated by pkgdown: do not edit by hand -->
<!DOCTYPE html>
<html lang="en">
  <head>
  <meta charset="utf-8">
<meta http-equiv="X-UA-Compatible" content="IE=edge">
<meta name="viewport" content="width=device-width, initial-scale=1.0">

<title>Localised multiple kernel k-means — lmkkmeans • klic</title>


<!-- jquery -->
<script src="https://cdnjs.cloudflare.com/ajax/libs/jquery/3.3.1/jquery.min.js" integrity="sha256-FgpCb/KJQlLNfOu91ta32o/NMZxltwRo8QtmkMRdAu8=" crossorigin="anonymous"></script>
<!-- Bootstrap -->
<link href="https://cdnjs.cloudflare.com/ajax/libs/bootswatch/3.3.7/yeti/bootstrap.min.css" rel="stylesheet" crossorigin="anonymous" />


<script src="https://cdnjs.cloudflare.com/ajax/libs/twitter-bootstrap/3.3.7/js/bootstrap.min.js" integrity="sha256-U5ZEeKfGNOja007MMD3YBI0A3OSZOQbeG6z2f2Y0hu8=" crossorigin="anonymous"></script>

<!-- Font Awesome icons -->
<link rel="stylesheet" href="https://cdnjs.cloudflare.com/ajax/libs/font-awesome/5.7.1/css/all.min.css" integrity="sha256-nAmazAk6vS34Xqo0BSrTb+abbtFlgsFK7NKSi6o7Y78=" crossorigin="anonymous" />
<link rel="stylesheet" href="https://cdnjs.cloudflare.com/ajax/libs/font-awesome/5.7.1/css/v4-shims.min.css" integrity="sha256-6qHlizsOWFskGlwVOKuns+D1nB6ssZrHQrNj1wGplHc=" crossorigin="anonymous" />

<!-- clipboard.js -->
<script src="https://cdnjs.cloudflare.com/ajax/libs/clipboard.js/2.0.4/clipboard.min.js" integrity="sha256-FiZwavyI2V6+EXO1U+xzLG3IKldpiTFf3153ea9zikQ=" crossorigin="anonymous"></script>

<!-- headroom.js -->
<script src="https://cdnjs.cloudflare.com/ajax/libs/headroom/0.9.4/headroom.min.js" integrity="sha256-DJFC1kqIhelURkuza0AvYal5RxMtpzLjFhsnVIeuk+U=" crossorigin="anonymous"></script>
<script src="https://cdnjs.cloudflare.com/ajax/libs/headroom/0.9.4/jQuery.headroom.min.js" integrity="sha256-ZX/yNShbjqsohH1k95liqY9Gd8uOiE1S4vZc+9KQ1K4=" crossorigin="anonymous"></script>

<!-- pkgdown -->
<link href="../pkgdown.css" rel="stylesheet">
<script src="../pkgdown.js"></script>




<meta property="og:title" content="Localised multiple kernel k-means — lmkkmeans" />
<meta property="og:description" content="Perform the training step of the localised multiple kernel k-means." />
<meta name="twitter:card" content="summary" />




<!-- mathjax -->
<script src="https://cdnjs.cloudflare.com/ajax/libs/mathjax/2.7.5/MathJax.js" integrity="sha256-nvJJv9wWKEm88qvoQl9ekL2J+k/RWIsaSScxxlsrv8k=" crossorigin="anonymous"></script>
<script src="https://cdnjs.cloudflare.com/ajax/libs/mathjax/2.7.5/config/TeX-AMS-MML_HTMLorMML.js" integrity="sha256-84DKXVJXs0/F8OTMzX4UR909+jtl4G7SPypPavF+GfA=" crossorigin="anonymous"></script>

<!--[if lt IE 9]>
<script src="https://oss.maxcdn.com/html5shiv/3.7.3/html5shiv.min.js"></script>
<script src="https://oss.maxcdn.com/respond/1.4.2/respond.min.js"></script>
<![endif]-->


<!-- Global site tag (gtag.js) - Google Analytics -->
<script async src="https://www.googletagmanager.com/gtag/js?id=UA-128138627-4"></script>
<script>
  window.dataLayer = window.dataLayer || [];
  function gtag(){dataLayer.push(arguments);}
  gtag('js', new Date());

  gtag('config', 'UA-128138627-4');
</script>


  </head>

  <body>
    <div class="container template-reference-topic">
      <header>
      <div class="navbar navbar-default navbar-fixed-top" role="navigation">
  <div class="container">
    <div class="navbar-header">
      <button type="button" class="navbar-toggle collapsed" data-toggle="collapse" data-target="#navbar" aria-expanded="false">
        <span class="sr-only">Toggle navigation</span>
        <span class="icon-bar"></span>
        <span class="icon-bar"></span>
        <span class="icon-bar"></span>
      </button>
      <span class="navbar-brand">
        <a class="navbar-link" href="../index.html">klic</a>
        <span class="version label label-default" data-toggle="tooltip" data-placement="bottom" title="Released version">1.0.2</span>
      </span>
    </div>

    <div id="navbar" class="navbar-collapse collapse">
      <ul class="nav navbar-nav">
        <li>
  <a href="../articles/index.html">
    <span class="fa fa-play-circle"></span>
     
    Vignettes
  </a>
</li>
<li>
  <a href="../reference/index.html">
    <span class="fa fa-pencil"></span>
     
    Documentation
  </a>
</li>
<li>
  <a href="https://github.com/acabassi/klic">
    <span class="fa fa-github fa-lg"></span>
     
    GitHub
  </a>
</li>
      </ul>
      <ul class="nav navbar-nav navbar-right">
        <li>
  <a href="https://github.com/acabassi/klic">
    <span class="fab fa fab fa-github fa-lg"></span>
     
  </a>
</li>
      </ul>
      
    </div><!--/.nav-collapse -->
  </div><!--/.container -->
</div><!--/.navbar -->

      

      </header>

<div class="row">
  <div class="col-md-9 contents">
    <div class="page-header">
    <h1>Localised multiple kernel k-means</h1>
    <small class="dont-index">Source: <a href='https://github.com/acabassi/klic/blob/master/R/lmkkmeans.R'><code>R/lmkkmeans.R</code></a></small>
    <div class="hidden name"><code>lmkkmeans.Rd</code></div>
    </div>

    <div class="ref-description">
    <p>Perform the training step of the localised multiple kernel k-means.</p>
    </div>

    <pre class="usage"><span class='fu'>lmkkmeans</span>(<span class='no'>Km</span>, <span class='no'>parameters</span>, <span class='kw'>verbose</span> <span class='kw'>=</span> <span class='fl'>FALSE</span>)</pre>

    <h2 class="hasAnchor" id="arguments"><a class="anchor" href="#arguments"></a>Arguments</h2>
    <table class="ref-arguments">
    <colgroup><col class="name" /><col class="desc" /></colgroup>
    <tr>
      <th>Km</th>
      <td><p>An array of size N x N x M containing M different N x N kernel
matrices.</p></td>
    </tr>
    <tr>
      <th>parameters</th>
      <td><p>A list of parameters containing the desired number of
clusters, <code>cluster_count</code>, and the number of iterations of the
algorithm to be run, <code>iteration_count</code>.</p></td>
    </tr>
    <tr>
      <th>verbose</th>
      <td><p>Boolean flag. If TRUE, at each iteration the iteration number
is printed. Default is FALSE.</p></td>
    </tr>
    </table>

    <h2 class="hasAnchor" id="value"><a class="anchor" href="#value"></a>Value</h2>

    <p>This function returns a list containing:</p>
<dt>clustering</dt><dd><p>the cluster labels for each element (i.e. row/column) of
the kernel matrix.</p></dd>
<dt>objective</dt><dd><p>the value of the objective function for the given
clustering.</p></dd>
<dt>parameters</dt><dd><p>same parameters as in the input.</p></dd>
<dt>Theta</dt><dd><p>N x M matrix of weights, each row corresponds to an observation
and each column to one of the kernels.</p></dd>

    <h2 class="hasAnchor" id="references"><a class="anchor" href="#references"></a>References</h2>

    <p>Gonen, M. and Margolin, A.A., 2014. Localized data fusion for
kernel k-means clustering with application to cancer biology. In Advances in
Neural Information Processing Systems (pp. 1305-1313).</p>

    <h2 class="hasAnchor" id="examples"><a class="anchor" href="#examples"></a>Examples</h2>
    <pre class="examples"><div class='input'><span class='kw'>if</span>(<span class='fu'><a href='https://rdrr.io/r/base/ns-load.html'>requireNamespace</a></span>(<span class='st'>"Rmosek"</span>, <span class='kw'>quietly</span> <span class='kw'>=</span> <span class='fl'>TRUE</span>) <span class='kw'>&amp;&amp;</span>
(!<span class='fu'><a href='https://rdrr.io/r/base/NULL.html'>is.null</a></span>(<span class='kw pkg'>utils</span><span class='kw ns'>::</span><span class='fu'><a href='https://rdrr.io/r/utils/packageDescription.html'>packageDescription</a></span>(<span class='st'>"Rmosek"</span>)$<span class='no'>Configured.MSK_VERSION</span>))){

<span class='co'># Initialise 100 x 100 x 3 array containing M kernel matrices</span>
<span class='co'># representing three different types of similarities between 100 data points</span>
<span class='no'>km</span> <span class='kw'>&lt;-</span> <span class='fu'><a href='https://rdrr.io/r/base/array.html'>array</a></span>(<span class='fl'>NA</span>, <span class='fu'><a href='https://rdrr.io/r/base/c.html'>c</a></span>(<span class='fl'>100</span>, <span class='fl'>100</span>, <span class='fl'>3</span>))
<span class='co'># Load kernel matrices</span>
<span class='no'>km</span>[,,<span class='fl'>1</span>] <span class='kw'>&lt;-</span> <span class='fu'><a href='https://rdrr.io/r/base/matrix.html'>as.matrix</a></span>(<span class='fu'><a href='https://rdrr.io/r/utils/read.table.html'>read.csv</a></span>(<span class='fu'><a href='https://rdrr.io/r/base/system.file.html'>system.file</a></span>(<span class='st'>'extdata'</span>,
<span class='st'>'kernel_matrix1.csv'</span>, <span class='kw'>package</span> <span class='kw'>=</span> <span class='st'>'klic'</span>), <span class='kw'>row.names</span> <span class='kw'>=</span> <span class='fl'>1</span>))
<span class='no'>km</span>[,,<span class='fl'>2</span>] <span class='kw'>&lt;-</span> <span class='fu'><a href='https://rdrr.io/r/base/matrix.html'>as.matrix</a></span>(<span class='fu'><a href='https://rdrr.io/r/utils/read.table.html'>read.csv</a></span>(<span class='fu'><a href='https://rdrr.io/r/base/system.file.html'>system.file</a></span>(<span class='st'>'extdata'</span>,
<span class='st'>'kernel_matrix2.csv'</span>, <span class='kw'>package</span> <span class='kw'>=</span> <span class='st'>'klic'</span>), <span class='kw'>row.names</span> <span class='kw'>=</span> <span class='fl'>1</span>))
<span class='no'>km</span>[,,<span class='fl'>3</span>] <span class='kw'>&lt;-</span> <span class='fu'><a href='https://rdrr.io/r/base/matrix.html'>as.matrix</a></span>(<span class='fu'><a href='https://rdrr.io/r/utils/read.table.html'>read.csv</a></span>(<span class='fu'><a href='https://rdrr.io/r/base/system.file.html'>system.file</a></span>(<span class='st'>'extdata'</span>,
<span class='st'>'kernel_matrix3.csv'</span>, <span class='kw'>package</span> <span class='kw'>=</span> <span class='st'>'klic'</span>), <span class='kw'>row.names</span> <span class='kw'>=</span> <span class='fl'>1</span>))

<span class='co'># Initalize the parameters of the algorithm</span>
<span class='no'>parameters</span> <span class='kw'>&lt;-</span> <span class='fu'><a href='https://rdrr.io/r/base/list.html'>list</a></span>()
<span class='co'># Set the number of clusters</span>
<span class='no'>parameters</span>$<span class='no'>cluster_count</span> <span class='kw'>&lt;-</span> <span class='fl'>4</span>
<span class='co'># Set the number of iterations</span>
<span class='no'>parameters</span>$<span class='no'>iteration_count</span> <span class='kw'>&lt;-</span> <span class='fl'>10</span>

<span class='co'># Perform training</span>
<span class='no'>state</span> <span class='kw'>&lt;-</span> <span class='fu'>lmkkmeans</span>(<span class='no'>km</span>, <span class='no'>parameters</span>)

<span class='co'># Display the clustering</span>
<span class='fu'><a href='https://rdrr.io/r/base/print.html'>print</a></span>(<span class='no'>state</span>$<span class='no'>clustering</span>)
<span class='co'># Display the kernel weights</span>
<span class='fu'><a href='https://rdrr.io/r/base/print.html'>print</a></span>(<span class='no'>state</span>$<span class='no'>Theta</span>)
}</div><div class='output co'>#&gt;   [1] 4 4 4 4 4 4 4 4 4 4 4 4 4 4 4 4 4 4 4 4 4 4 4 4 4 3 3 3 3 3 3 3 3 3 3 3 3
#&gt;  [38] 3 3 3 3 3 3 3 3 3 3 3 3 3 2 2 2 2 2 2 2 2 2 2 2 2 2 2 2 2 2 2 2 2 2 2 2 2
#&gt;  [75] 2 1 1 1 1 1 1 1 1 1 1 1 1 1 1 1 1 1 1 1 1 1 1 1 1 1
#&gt;             [,1]      [,2]      [,3]
#&gt;   [1,] 0.4067231 0.1865538 0.4067231
#&gt;   [2,] 0.4066607 0.1866786 0.4066607
#&gt;   [3,] 0.4069570 0.1860859 0.4069570
#&gt;   [4,] 0.4066010 0.1867981 0.4066010
#&gt;   [5,] 0.4064984 0.1870031 0.4064984
#&gt;   [6,] 0.4067100 0.1865799 0.4067100
#&gt;   [7,] 0.4064894 0.1870212 0.4064894
#&gt;   [8,] 0.4070254 0.1859492 0.4070254
#&gt;   [9,] 0.4069733 0.1860534 0.4069733
#&gt;  [10,] 0.4066289 0.1867422 0.4066289
#&gt;  [11,] 0.4065916 0.1868167 0.4065916
#&gt;  [12,] 0.4066994 0.1866011 0.4066994
#&gt;  [13,] 0.4064646 0.1870708 0.4064646
#&gt;  [14,] 0.4065650 0.1868699 0.4065650
#&gt;  [15,] 0.4151265 0.1697470 0.4151265
#&gt;  [16,] 0.4066227 0.1867546 0.4066227
#&gt;  [17,] 0.4077240 0.1845521 0.4077240
#&gt;  [18,] 0.4064740 0.1870520 0.4064740
#&gt;  [19,] 0.4062386 0.1875227 0.4062386
#&gt;  [20,] 0.4063804 0.1872392 0.4063804
#&gt;  [21,] 0.4438467 0.1123067 0.4438467
#&gt;  [22,] 0.4064599 0.1870802 0.4064599
#&gt;  [23,] 0.4439304 0.1121391 0.4439304
#&gt;  [24,] 0.4064995 0.1870010 0.4064995
#&gt;  [25,] 0.4062994 0.1874012 0.4062994
#&gt;  [26,] 0.3360418 0.2822675 0.3816907
#&gt;  [27,] 0.3361253 0.2821948 0.3816799
#&gt;  [28,] 0.3347648 0.2852395 0.3799957
#&gt;  [29,] 0.3351757 0.2839744 0.3808499
#&gt;  [30,] 0.3356347 0.2830132 0.3813522
#&gt;  [31,] 0.3357699 0.2829865 0.3812436
#&gt;  [32,] 0.3348515 0.2850747 0.3800737
#&gt;  [33,] 0.3344878 0.2851084 0.3804038
#&gt;  [34,] 0.3364394 0.2820086 0.3815520
#&gt;  [35,] 0.3346265 0.2852486 0.3801249
#&gt;  [36,] 0.3341579 0.2857684 0.3800737
#&gt;  [37,] 0.3349121 0.2847130 0.3803749
#&gt;  [38,] 0.3350635 0.2848333 0.3801032
#&gt;  [39,] 0.3346737 0.2849924 0.3803339
#&gt;  [40,] 0.3350983 0.2839609 0.3809407
#&gt;  [41,] 0.3352274 0.2837169 0.3810557
#&gt;  [42,] 0.3363521 0.2823053 0.3813426
#&gt;  [43,] 0.3360156 0.2827120 0.3812724
#&gt;  [44,] 0.3442357 0.2669651 0.3887992
#&gt;  [45,] 0.3346899 0.2849962 0.3803139
#&gt;  [46,] 0.3407259 0.2739004 0.3853737
#&gt;  [47,] 0.2993035 0.3064901 0.3942065
#&gt;  [48,] 0.3351698 0.2841973 0.3806329
#&gt;  [49,] 0.3353368 0.2836867 0.3809765
#&gt;  [50,] 0.3370279 0.2809356 0.3820365
#&gt;  [51,] 0.4075554 0.2502450 0.3421995
#&gt;  [52,] 0.4071766 0.2506390 0.3421844
#&gt;  [53,] 0.4065787 0.2513742 0.3420471
#&gt;  [54,] 0.4091936 0.2493631 0.3414432
#&gt;  [55,] 0.4066104 0.2511870 0.3422026
#&gt;  [56,] 0.4606635 0.1414586 0.3978779
#&gt;  [57,] 0.4080861 0.2502306 0.3416833
#&gt;  [58,] 0.4070599 0.2505439 0.3423962
#&gt;  [59,] 0.4065588 0.2509469 0.3424944
#&gt;  [60,] 0.4105807 0.2454141 0.3440051
#&gt;  [61,] 0.3847215 0.2643186 0.3509598
#&gt;  [62,] 0.4073852 0.2520219 0.3405929
#&gt;  [63,] 0.4064089 0.2508231 0.3427680
#&gt;  [64,] 0.4054392 0.2515236 0.3430372
#&gt;  [65,] 0.4344892 0.3048099 0.2607009
#&gt;  [66,] 0.4024778 0.2532456 0.3442765
#&gt;  [67,] 0.4039770 0.2526497 0.3433733
#&gt;  [68,] 0.4308438 0.2020378 0.3671184
#&gt;  [69,] 0.4072551 0.2512292 0.3415157
#&gt;  [70,] 0.4022436 0.2540227 0.3437337
#&gt;  [71,] 0.4036768 0.2529461 0.3433770
#&gt;  [72,] 0.4074224 0.2506441 0.3419336
#&gt;  [73,] 0.4083260 0.2500857 0.3415883
#&gt;  [74,] 0.4072502 0.2506873 0.3420626
#&gt;  [75,] 0.4074240 0.2504844 0.3420916
#&gt;  [76,] 0.2736907 0.3432566 0.3830527
#&gt;  [77,] 0.2737974 0.3439024 0.3823002
#&gt;  [78,] 0.2738635 0.3436289 0.3825076
#&gt;  [79,] 0.2768486 0.3457228 0.3774286
#&gt;  [80,] 0.2790911 0.3348892 0.3860196
#&gt;  [81,] 0.2705981 0.3453132 0.3840887
#&gt;  [82,] 0.2775048 0.3373767 0.3851184
#&gt;  [83,] 0.2738703 0.3433672 0.3827625
#&gt;  [84,] 0.2136012 0.3743839 0.4120150
#&gt;  [85,] 0.2737441 0.3438442 0.3824117
#&gt;  [86,] 0.2735028 0.3440128 0.3824844
#&gt;  [87,] 0.2740528 0.3432004 0.3827468
#&gt;  [88,] 0.2736751 0.3436704 0.3826545
#&gt;  [89,] 0.2735542 0.3439678 0.3824780
#&gt;  [90,] 0.2733360 0.3438705 0.3827935
#&gt;  [91,] 0.2750241 0.3453053 0.3796706
#&gt;  [92,] 0.2733562 0.3435674 0.3830764
#&gt;  [93,] 0.2766457 0.3385849 0.3847694
#&gt;  [94,] 0.2741449 0.3430776 0.3827775
#&gt;  [95,] 0.2741828 0.3433427 0.3824745
#&gt;  [96,] 0.2735582 0.3438757 0.3825661
#&gt;  [97,] 0.2736026 0.3440654 0.3823321
#&gt;  [98,] 0.2738659 0.3437513 0.3823828
#&gt;  [99,] 0.2736720 0.3440105 0.3823175
#&gt; [100,] 0.2737666 0.3436916 0.3825419</div></pre>
  </div>
  <div class="col-md-3 hidden-xs hidden-sm" id="sidebar">
    <h2>Contents</h2>
    <ul class="nav nav-pills nav-stacked">
      <li><a href="#arguments">Arguments</a></li>
      <li><a href="#value">Value</a></li>
      <li><a href="#references">References</a></li>
      <li><a href="#examples">Examples</a></li>
    </ul>

    <h2>Author</h2>
    <p>Mehmet Gonen</p>
  </div>
</div>


      <footer>
      <div class="copyright">
  <p>Developed by <a href='https://alessandracabassi.wordpress.com'>Alessandra Cabassi</a>.</p>
</div>

<div class="pkgdown">
  <p>Site built with <a href="https://pkgdown.r-lib.org/">pkgdown</a> 1.4.1.</p>
</div>

      </footer>
   </div>

  


  </body>
</html>


