<!-- Generated by pkgdown: do not edit by hand -->
<!DOCTYPE html>
<html>
  <head>
  <meta charset="utf-8">
<meta http-equiv="X-UA-Compatible" content="IE=edge">
<meta name="viewport" content="width=device-width, initial-scale=1.0">

<title>Localised multiple kernel k-means — lmkkmeans • klic</title>

<!-- jquery -->
<script src="https://code.jquery.com/jquery-3.1.0.min.js" integrity="sha384-nrOSfDHtoPMzJHjVTdCopGqIqeYETSXhZDFyniQ8ZHcVy08QesyHcnOUpMpqnmWq" crossorigin="anonymous"></script>
<!-- Bootstrap -->

<link href="https://maxcdn.bootstrapcdn.com/bootstrap/3.3.7/css/bootstrap.min.css" rel="stylesheet" integrity="sha384-BVYiiSIFeK1dGmJRAkycuHAHRg32OmUcww7on3RYdg4Va+PmSTsz/K68vbdEjh4u" crossorigin="anonymous">
<script src="https://maxcdn.bootstrapcdn.com/bootstrap/3.3.7/js/bootstrap.min.js" integrity="sha384-Tc5IQib027qvyjSMfHjOMaLkfuWVxZxUPnCJA7l2mCWNIpG9mGCD8wGNIcPD7Txa" crossorigin="anonymous"></script>

<!-- Font Awesome icons -->
<link href="https://maxcdn.bootstrapcdn.com/font-awesome/4.6.3/css/font-awesome.min.css" rel="stylesheet" integrity="sha384-T8Gy5hrqNKT+hzMclPo118YTQO6cYprQmhrYwIiQ/3axmI1hQomh7Ud2hPOy8SP1" crossorigin="anonymous">

<!-- clipboard.js -->
<script src="https://cdnjs.cloudflare.com/ajax/libs/clipboard.js/1.7.1/clipboard.min.js" integrity="sha384-cV+rhyOuRHc9Ub/91rihWcGmMmCXDeksTtCihMupQHSsi8GIIRDG0ThDc3HGQFJ3" crossorigin="anonymous"></script>

<!-- sticky kit -->
<script src="https://cdnjs.cloudflare.com/ajax/libs/sticky-kit/1.1.3/sticky-kit.min.js" integrity="sha256-c4Rlo1ZozqTPE2RLuvbusY3+SU1pQaJC0TjuhygMipw=" crossorigin="anonymous"></script>

<!-- pkgdown -->
<link href="../pkgdown.css" rel="stylesheet">
<script src="../pkgdown.js"></script>



<meta property="og:title" content="Localised multiple kernel k-means — lmkkmeans" />

<meta property="og:description" content="Perform the training step of the localised multiple kernel k-means" />
<meta name="twitter:card" content="summary" />



<!-- mathjax -->
<script src='https://mathjax.rstudio.com/latest/MathJax.js?config=TeX-AMS-MML_HTMLorMML'></script>

<!--[if lt IE 9]>
<script src="https://oss.maxcdn.com/html5shiv/3.7.3/html5shiv.min.js"></script>
<script src="https://oss.maxcdn.com/respond/1.4.2/respond.min.js"></script>
<![endif]-->


  </head>

  <body>
    <div class="container template-reference-topic">
      <header>
      <div class="navbar navbar-default navbar-fixed-top" role="navigation">
  <div class="container">
    <div class="navbar-header">
      <button type="button" class="navbar-toggle collapsed" data-toggle="collapse" data-target="#navbar">
        <span class="icon-bar"></span>
        <span class="icon-bar"></span>
        <span class="icon-bar"></span>
      </button>
      <span class="navbar-brand">
        <a class="navbar-link" href="../index.html">klic</a>
        <span class="label label-default" data-toggle="tooltip" data-placement="bottom" title="Released package">0.0.1.7</span>
      </span>
    </div>

    <div id="navbar" class="navbar-collapse collapse">
      <ul class="nav navbar-nav">
        <li>
  <a href="../index.html">
    <span class="fa fa-home fa-lg"></span>
     
  </a>
</li>
<li>
  <a href="../reference/index.html">Reference</a>
</li>
<li class="dropdown">
  <a href="#" class="dropdown-toggle" data-toggle="dropdown" role="button" aria-expanded="false">
    Articles
     
    <span class="caret"></span>
  </a>
  <ul class="dropdown-menu" role="menu">
    <li>
      <a href="../articles/klic-vignette.html">R package klic</a>
    </li>
  </ul>
</li>
      </ul>
      
      <ul class="nav navbar-nav navbar-right">
        
      </ul>
      
    </div><!--/.nav-collapse -->
  </div><!--/.container -->
</div><!--/.navbar -->

      
      </header>

<div class="row">
  <div class="col-md-9 contents">
    <div class="page-header">
    <h1>Localised multiple kernel k-means</h1>
    
    <div class="hidden name"><code>lmkkmeans.Rd</code></div>
    </div>

    <div class="ref-description">
    
    <p>Perform the training step of the localised multiple kernel k-means</p>
    
    </div>

    <pre class="usage"><span class='fu'>lmkkmeans</span>(<span class='no'>Km</span>, <span class='no'>parameters</span>, <span class='kw'>verbose</span> <span class='kw'>=</span> <span class='fl'>FALSE</span>)</pre>
    
    <h2 class="hasAnchor" id="arguments"><a class="anchor" href="#arguments"></a>Arguments</h2>
    <table class="ref-arguments">
    <colgroup><col class="name" /><col class="desc" /></colgroup>
    <tr>
      <th>Km</th>
      <td><p>kernel matrices</p></td>
    </tr>
    <tr>
      <th>parameters</th>
      <td><p>list of parameters</p></td>
    </tr>
    <tr>
      <th>verbose</th>
      <td><p>Boolean flag. If TRUE, at each iteration the iteration number is printed. Defaults to FALSE.</p></td>
    </tr>
    </table>
    
    <h2 class="hasAnchor" id="references"><a class="anchor" href="#references"></a>References</h2>

    <p>Gonen, M. and Margolin, A.A., 2014. Localized data fusion for kernel k-means clustering with application to cancer biology. In Advances in Neural Information Processing Systems (pp. 1305-1313).</p>
    

    <h2 class="hasAnchor" id="examples"><a class="anchor" href="#examples"></a>Examples</h2>
    <pre class="examples"><div class='input'><span class='co'># Intialise 300 x 300 x 3 array containing M kernel matrices</span>
<span class='co'># representing three different types of similarities</span>
<span class='co'># between 300 data points</span>
<span class='no'>km</span> <span class='kw'>&lt;-</span> <span class='fu'>array</span>(<span class='fl'>NA</span>, <span class='fu'>c</span>(<span class='fl'>300</span>, <span class='fl'>300</span>, <span class='fl'>3</span>))
<span class='co'># Load kernel matrices</span>
<span class='no'>km</span>[,,<span class='fl'>1</span>] <span class='kw'>&lt;-</span> <span class='fu'>as.matrix</span>(<span class='fu'>read.csv</span>(<span class='fu'>system.file</span>(<span class='st'>"extdata"</span>,
<span class='st'>"kernel-matrix1.csv"</span>, <span class='kw'>package</span> <span class='kw'>=</span> <span class='st'>"klic"</span>), <span class='kw'>row.names</span> <span class='kw'>=</span> <span class='fl'>1</span>))
<span class='no'>km</span>[,,<span class='fl'>2</span>] <span class='kw'>&lt;-</span> <span class='fu'>as.matrix</span>(<span class='fu'>read.csv</span>(<span class='fu'>system.file</span>(<span class='st'>"extdata"</span>,
<span class='st'>"kernel-matrix2.csv"</span>, <span class='kw'>package</span> <span class='kw'>=</span> <span class='st'>"klic"</span>), <span class='kw'>row.names</span> <span class='kw'>=</span> <span class='fl'>1</span>))
<span class='no'>km</span>[,,<span class='fl'>3</span>] <span class='kw'>&lt;-</span> <span class='fu'>as.matrix</span>(<span class='fu'>read.csv</span>(<span class='fu'>system.file</span>(<span class='st'>"extdata"</span>,
<span class='st'>"kernel-matrix3.csv"</span>, <span class='kw'>package</span> <span class='kw'>=</span> <span class='st'>"klic"</span>), <span class='kw'>row.names</span> <span class='kw'>=</span> <span class='fl'>1</span>))
<span class='co'>#initalize the parameters of the algorithm</span>
<span class='no'>parameters</span> <span class='kw'>&lt;-</span> <span class='fu'>list</span>()
<span class='co'>#set the number of clusters</span>
<span class='no'>parameters</span>$<span class='no'>cluster_count</span> <span class='kw'>&lt;-</span> <span class='fl'>2</span>
<span class='co'># set the number of iterations</span>
<span class='no'>parameters</span>$<span class='no'>iteration_count</span> <span class='kw'>&lt;-</span> <span class='fl'>10</span>
<span class='co'>#perform training</span>
<span class='no'>state</span> <span class='kw'>&lt;-</span> <span class='fu'>lmkkmeans</span>(<span class='no'>km</span>, <span class='no'>parameters</span>)
<span class='co'>#display the clustering</span>
<span class='fu'>print</span>(<span class='no'>state</span>$<span class='no'>clustering</span>)</div><div class='output co'>#&gt;   [1] 1 1 1 1 1 1 1 1 1 1 1 1 1 1 1 1 1 1 1 1 1 1 1 1 1 1 1 1 1 1 1 1 1 1 1 1 1
#&gt;  [38] 1 1 1 1 1 1 1 1 1 1 1 1 1 1 1 1 1 1 1 1 1 1 1 1 1 1 1 1 1 1 1 1 1 1 1 1 1
#&gt;  [75] 1 1 1 1 1 1 1 1 1 1 1 1 1 1 1 1 1 1 1 1 1 1 1 1 1 1 1 1 1 1 1 1 1 1 1 1 1
#&gt; [112] 1 1 1 1 1 1 1 1 1 1 1 1 1 1 1 1 1 2 1 1 1 1 1 1 1 1 1 1 1 1 1 1 1 1 1 1 1
#&gt; [149] 1 1 2 2 2 2 2 2 2 2 2 2 2 2 2 2 2 2 2 2 2 2 2 2 2 2 2 2 2 2 2 2 2 2 2 2 2
#&gt; [186] 2 2 2 2 2 2 2 2 2 2 2 2 2 2 1 2 2 2 2 2 2 2 2 2 2 2 2 2 2 2 2 2 2 2 2 2 2
#&gt; [223] 2 2 2 2 2 2 2 2 2 2 2 2 2 2 2 2 2 2 2 2 2 2 2 2 2 2 2 2 2 2 2 2 2 2 2 2 2
#&gt; [260] 2 2 2 2 2 2 2 2 2 2 2 2 2 2 2 2 2 2 2 2 2 2 2 2 2 2 2 2 2 2 2 2 2 2 2 2 2
#&gt; [297] 2 2 2 2</div><div class='input'><span class='co'>#display the kernel weights</span>
<span class='fu'>print</span>(<span class='no'>state</span>$<span class='no'>Theta</span>)</div><div class='output co'>#&gt;             [,1]      [,2]      [,3]
#&gt;   [1,] 0.3396237 0.3366794 0.3236969
#&gt;   [2,] 0.3362360 0.3368899 0.3268742
#&gt;   [3,] 0.3392490 0.3319174 0.3288336
#&gt;   [4,] 0.3380918 0.3327813 0.3291269
#&gt;   [5,] 0.3386952 0.3361747 0.3251301
#&gt;   [6,] 0.3381573 0.3335843 0.3282584
#&gt;   [7,] 0.3393063 0.3329219 0.3277718
#&gt;   [8,] 0.3408783 0.3323314 0.3267903
#&gt;   [9,] 0.3393728 0.3352669 0.3253603
#&gt;  [10,] 0.3386403 0.3354410 0.3259187
#&gt;  [11,] 0.3350138 0.3335219 0.3314643
#&gt;  [12,] 0.3410074 0.3322249 0.3267676
#&gt;  [13,] 0.3376468 0.3376919 0.3246613
#&gt;  [14,] 0.3369351 0.3362432 0.3268217
#&gt;  [15,] 0.3397539 0.3313093 0.3289368
#&gt;  [16,] 0.3427631 0.3324452 0.3247917
#&gt;  [17,] 0.3351571 0.3382968 0.3265461
#&gt;  [18,] 0.3400451 0.3348751 0.3250798
#&gt;  [19,] 0.3393955 0.3363197 0.3242848
#&gt;  [20,] 0.3389568 0.3331094 0.3279338
#&gt;  [21,] 0.3394041 0.3325867 0.3280092
#&gt;  [22,] 0.3375002 0.3335906 0.3289092
#&gt;  [23,] 0.3396502 0.3309226 0.3294272
#&gt;  [24,] 0.3387772 0.3358047 0.3254181
#&gt;  [25,] 0.3380361 0.3363520 0.3256119
#&gt;  [26,] 0.3389901 0.3341601 0.3268498
#&gt;  [27,] 0.3406318 0.3353725 0.3239956
#&gt;  [28,] 0.3390023 0.3346884 0.3263093
#&gt;  [29,] 0.3395180 0.3359282 0.3245538
#&gt;  [30,] 0.3397662 0.3331998 0.3270340
#&gt;  [31,] 0.3398931 0.3338916 0.3262152
#&gt;  [32,] 0.3381280 0.3366815 0.3251905
#&gt;  [33,] 0.3370987 0.3330210 0.3298803
#&gt;  [34,] 0.3388966 0.3356016 0.3255018
#&gt;  [35,] 0.3397496 0.3335593 0.3266911
#&gt;  [36,] 0.3377013 0.3364261 0.3258726
#&gt;  [37,] 0.3383869 0.3357738 0.3258393
#&gt;  [38,] 0.3377648 0.3371488 0.3250864
#&gt;  [39,] 0.3381349 0.3356140 0.3262511
#&gt;  [40,] 0.3382613 0.3354464 0.3262923
#&gt;  [41,] 0.3390759 0.3364285 0.3244956
#&gt;  [42,] 0.3413436 0.3312584 0.3273979
#&gt;  [43,] 0.3368763 0.3377144 0.3254093
#&gt;  [44,] 0.3383554 0.3349531 0.3266915
#&gt;  [45,] 0.3341216 0.3345946 0.3312837
#&gt;  [46,] 0.3354189 0.3353462 0.3292348
#&gt;  [47,] 0.3404594 0.3321978 0.3273427
#&gt;  [48,] 0.3381074 0.3358356 0.3260570
#&gt;  [49,] 0.3381793 0.3366876 0.3251331
#&gt;  [50,] 0.3369025 0.3371180 0.3259795
#&gt;  [51,] 0.3340036 0.3439437 0.3220528
#&gt;  [52,] 0.3309727 0.3387579 0.3302695
#&gt;  [53,] 0.3276682 0.3458737 0.3264581
#&gt;  [54,] 0.3331555 0.3427314 0.3241131
#&gt;  [55,] 0.3338011 0.3524693 0.3137296
#&gt;  [56,] 0.3336042 0.3444506 0.3219452
#&gt;  [57,] 0.3267704 0.3489908 0.3242388
#&gt;  [58,] 0.3319593 0.3414149 0.3266258
#&gt;  [59,] 0.3318963 0.3425312 0.3255725
#&gt;  [60,] 0.3380833 0.3478817 0.3140350
#&gt;  [61,] 0.3294899 0.3440411 0.3264690
#&gt;  [62,] 0.3250570 0.3447514 0.3301915
#&gt;  [63,] 0.3364874 0.3309942 0.3325184
#&gt;  [64,] 0.3414245 0.3297939 0.3287816
#&gt;  [65,] 0.3308255 0.3379446 0.3312299
#&gt;  [66,] 0.3325680 0.3342607 0.3331713
#&gt;  [67,] 0.3372688 0.3484497 0.3142815
#&gt;  [68,] 0.3348246 0.3404112 0.3247642
#&gt;  [69,] 0.3261689 0.3374736 0.3363575
#&gt;  [70,] 0.3377153 0.3270150 0.3352697
#&gt;  [71,] 0.3354548 0.3289693 0.3355759
#&gt;  [72,] 0.3137277 0.3512194 0.3350528
#&gt;  [73,] 0.3269195 0.3447122 0.3283683
#&gt;  [74,] 0.3380286 0.3270025 0.3349688
#&gt;  [75,] 0.3311376 0.3459069 0.3229556
#&gt;  [76,] 0.3377151 0.3313574 0.3309274
#&gt;  [77,] 0.3328887 0.3527416 0.3143697
#&gt;  [78,] 0.3339476 0.3298247 0.3362277
#&gt;  [79,] 0.3290830 0.3354302 0.3354867
#&gt;  [80,] 0.3321359 0.3429778 0.3248862
#&gt;  [81,] 0.3284123 0.3459518 0.3256359
#&gt;  [82,] 0.3355844 0.3440425 0.3203731
#&gt;  [83,] 0.3306589 0.3465098 0.3228312
#&gt;  [84,] 0.3193248 0.3441378 0.3365374
#&gt;  [85,] 0.3309798 0.3431537 0.3258666
#&gt;  [86,] 0.3325979 0.3409346 0.3264675
#&gt;  [87,] 0.3269599 0.3471251 0.3259150
#&gt;  [88,] 0.3289603 0.3437246 0.3273152
#&gt;  [89,] 0.3294184 0.3445019 0.3260796
#&gt;  [90,] 0.3330948 0.3342693 0.3326360
#&gt;  [91,] 0.3318896 0.3487469 0.3193635
#&gt;  [92,] 0.3263618 0.3464906 0.3271476
#&gt;  [93,] 0.3343407 0.3369629 0.3286964
#&gt;  [94,] 0.3400201 0.3259552 0.3340248
#&gt;  [95,] 0.3366720 0.3253363 0.3379918
#&gt;  [96,] 0.3324107 0.3399705 0.3276187
#&gt;  [97,] 0.3384579 0.3343723 0.3271698
#&gt;  [98,] 0.3259691 0.3452121 0.3288188
#&gt;  [99,] 0.3325904 0.3445803 0.3228293
#&gt; [100,] 0.3239675 0.3489908 0.3270417
#&gt; [101,] 0.3328785 0.3286009 0.3385206
#&gt; [102,] 0.3196662 0.3542283 0.3261055
#&gt; [103,] 0.3450342 0.3210609 0.3339049
#&gt; [104,] 0.3349637 0.3237340 0.3413023
#&gt; [105,] 0.3388151 0.3543872 0.3067977
#&gt; [106,] 0.3114552 0.3578128 0.3307320
#&gt; [107,] 0.3221180 0.3493011 0.3285808
#&gt; [108,] 0.3460872 0.3084389 0.3454739
#&gt; [109,] 0.3456702 0.3193194 0.3350103
#&gt; [110,] 0.3162569 0.3436616 0.3400814
#&gt; [111,] 0.3191887 0.3578452 0.3229661
#&gt; [112,] 0.3347811 0.3264167 0.3388022
#&gt; [113,] 0.3352358 0.3259796 0.3387846
#&gt; [114,] 0.3355407 0.3276277 0.3368316
#&gt; [115,] 0.3479237 0.3171459 0.3349304
#&gt; [116,] 0.3130415 0.3573747 0.3295839
#&gt; [117,] 0.3361364 0.3468569 0.3170066
#&gt; [118,] 0.3228747 0.3495253 0.3276000
#&gt; [119,] 0.3199017 0.3543549 0.3257434
#&gt; [120,] 0.3107057 0.3555470 0.3337473
#&gt; [121,] 0.3210896 0.3541521 0.3247583
#&gt; [122,] 0.3169443 0.3525047 0.3305510
#&gt; [123,] 0.3329187 0.3301699 0.3369115
#&gt; [124,] 0.3358679 0.3267752 0.3373569
#&gt; [125,] 0.3227136 0.3492991 0.3279873
#&gt; [126,] 0.3194826 0.3546722 0.3258452
#&gt; [127,] 0.3181013 0.3564679 0.3254308
#&gt; [128,] 0.3343232 0.3339627 0.3317141
#&gt; [129,] 0.3275084 0.3290460 0.3434456
#&gt; [130,] 0.3367455 0.3437968 0.3194577
#&gt; [131,] 0.3344770 0.3268848 0.3386383
#&gt; [132,] 0.3288997 0.3511457 0.3199546
#&gt; [133,] 0.3221303 0.3529499 0.3249199
#&gt; [134,] 0.3130010 0.3545084 0.3324906
#&gt; [135,] 0.3301983 0.3328629 0.3369388
#&gt; [136,] 0.3318386 0.3339765 0.3341849
#&gt; [137,] 0.3316088 0.3195393 0.3488518
#&gt; [138,] 0.3445593 0.3202934 0.3351474
#&gt; [139,] 0.3343272 0.3295962 0.3360766
#&gt; [140,] 0.3352814 0.3273710 0.3373475
#&gt; [141,] 0.3281272 0.3300715 0.3418014
#&gt; [142,] 0.3275852 0.3542600 0.3181548
#&gt; [143,] 0.3318369 0.3303094 0.3378537
#&gt; [144,] 0.3317182 0.3288162 0.3394656
#&gt; [145,] 0.3242240 0.3493163 0.3264597
#&gt; [146,] 0.3198525 0.3509948 0.3291527
#&gt; [147,] 0.3167791 0.3482192 0.3350017
#&gt; [148,] 0.3281571 0.3497531 0.3220899
#&gt; [149,] 0.3354503 0.3267217 0.3378280
#&gt; [150,] 0.3128058 0.3577620 0.3294322
#&gt; [151,] 0.3349399 0.3299030 0.3351571
#&gt; [152,] 0.3425939 0.3261785 0.3312276
#&gt; [153,] 0.3216558 0.3318310 0.3465131
#&gt; [154,] 0.3399879 0.3171727 0.3428394
#&gt; [155,] 0.3401379 0.3173196 0.3425425
#&gt; [156,] 0.3379595 0.3196850 0.3423555
#&gt; [157,] 0.3401342 0.3190831 0.3407828
#&gt; [158,] 0.3334473 0.3313466 0.3352061
#&gt; [159,] 0.3405591 0.3394084 0.3200325
#&gt; [160,] 0.3357258 0.3303345 0.3339398
#&gt; [161,] 0.3418917 0.3371538 0.3209545
#&gt; [162,] 0.3220304 0.3314347 0.3465350
#&gt; [163,] 0.3251629 0.3304649 0.3443722
#&gt; [164,] 0.3398129 0.3197456 0.3404416
#&gt; [165,] 0.3396615 0.3175821 0.3427564
#&gt; [166,] 0.3380102 0.3240566 0.3379332
#&gt; [167,] 0.3403861 0.3168308 0.3427831
#&gt; [168,] 0.3398281 0.3199076 0.3402642
#&gt; [169,] 0.3364512 0.3290376 0.3345112
#&gt; [170,] 0.3343020 0.3308337 0.3348642
#&gt; [171,] 0.3414179 0.3357379 0.3228441
#&gt; [172,] 0.3416198 0.3155448 0.3428354
#&gt; [173,] 0.3355909 0.3325175 0.3318916
#&gt; [174,] 0.3398327 0.3190667 0.3411006
#&gt; [175,] 0.3401426 0.3173397 0.3425177
#&gt; [176,] 0.3217186 0.3308125 0.3474689
#&gt; [177,] 0.3424685 0.3158950 0.3416365
#&gt; [178,] 0.3408761 0.3170853 0.3420386
#&gt; [179,] 0.3360544 0.3287276 0.3352181
#&gt; [180,] 0.3423539 0.3221938 0.3354523
#&gt; [181,] 0.3285719 0.3361167 0.3353114
#&gt; [182,] 0.3444902 0.3268628 0.3286470
#&gt; [183,] 0.3407319 0.3220506 0.3372175
#&gt; [184,] 0.3320431 0.3339675 0.3339893
#&gt; [185,] 0.3434438 0.3227073 0.3338489
#&gt; [186,] 0.3436078 0.3232207 0.3331714
#&gt; [187,] 0.3397538 0.3189628 0.3412834
#&gt; [188,] 0.3400589 0.3192841 0.3406571
#&gt; [189,] 0.3362104 0.3274055 0.3363842
#&gt; [190,] 0.3429725 0.3272043 0.3298232
#&gt; [191,] 0.3395131 0.3180508 0.3424361
#&gt; [192,] 0.3413411 0.3364564 0.3222025
#&gt; [193,] 0.3380744 0.3251538 0.3367718
#&gt; [194,] 0.3334751 0.3302360 0.3362889
#&gt; [195,] 0.3404510 0.3187120 0.3408369
#&gt; [196,] 0.3405095 0.3182954 0.3411951
#&gt; [197,] 0.3414598 0.3158705 0.3426696
#&gt; [198,] 0.3408678 0.3173841 0.3417482
#&gt; [199,] 0.3414220 0.3160475 0.3425305
#&gt; [200,] 0.3297730 0.3329438 0.3372832
#&gt; [201,] 0.3370876 0.3342888 0.3286236
#&gt; [202,] 0.3341808 0.3311220 0.3346972
#&gt; [203,] 0.3362156 0.3264632 0.3373212
#&gt; [204,] 0.3365781 0.3332035 0.3302185
#&gt; [205,] 0.3310770 0.3340459 0.3348770
#&gt; [206,] 0.3332612 0.3328474 0.3338915
#&gt; [207,] 0.3320631 0.3295761 0.3383608
#&gt; [208,] 0.3328847 0.3283480 0.3387673
#&gt; [209,] 0.3321314 0.3297152 0.3381535
#&gt; [210,] 0.3305317 0.3312690 0.3381993
#&gt; [211,] 0.3327664 0.3209981 0.3462355
#&gt; [212,] 0.3290490 0.3283768 0.3425741
#&gt; [213,] 0.3316062 0.3324866 0.3359072
#&gt; [214,] 0.3341117 0.3333258 0.3325625
#&gt; [215,] 0.3415385 0.3281102 0.3303513
#&gt; [216,] 0.3412715 0.3299969 0.3287316
#&gt; [217,] 0.3408291 0.3292840 0.3298869
#&gt; [218,] 0.3359765 0.3285177 0.3355058
#&gt; [219,] 0.3351574 0.3292317 0.3356109
#&gt; [220,] 0.3379507 0.3244401 0.3376092
#&gt; [221,] 0.3384795 0.3258244 0.3356960
#&gt; [222,] 0.3393388 0.3330154 0.3276458
#&gt; [223,] 0.3343937 0.3304721 0.3351342
#&gt; [224,] 0.3392049 0.3293965 0.3313986
#&gt; [225,] 0.3334442 0.3252306 0.3413252
#&gt; [226,] 0.3388878 0.3301649 0.3309473
#&gt; [227,] 0.3277384 0.3279519 0.3443097
#&gt; [228,] 0.3391068 0.3249402 0.3359530
#&gt; [229,] 0.3368705 0.3351168 0.3280127
#&gt; [230,] 0.3396087 0.3250636 0.3353277
#&gt; [231,] 0.3375996 0.3306533 0.3317471
#&gt; [232,] 0.3384168 0.3238462 0.3377370
#&gt; [233,] 0.3366613 0.3343378 0.3290009
#&gt; [234,] 0.3326468 0.3308123 0.3365409
#&gt; [235,] 0.3377980 0.3271769 0.3350251
#&gt; [236,] 0.3373753 0.3310851 0.3315397
#&gt; [237,] 0.3374840 0.3335447 0.3289714
#&gt; [238,] 0.3358965 0.3353939 0.3287097
#&gt; [239,] 0.3392218 0.3294320 0.3313462
#&gt; [240,] 0.3353755 0.3355351 0.3290894
#&gt; [241,] 0.3368378 0.3297595 0.3334027
#&gt; [242,] 0.3438566 0.3275780 0.3285653
#&gt; [243,] 0.3382184 0.3255083 0.3362734
#&gt; [244,] 0.3346564 0.3356967 0.3296470
#&gt; [245,] 0.3380896 0.3327061 0.3292042
#&gt; [246,] 0.3393605 0.3298151 0.3308244
#&gt; [247,] 0.3393577 0.3347708 0.3258715
#&gt; [248,] 0.3307472 0.3306701 0.3385827
#&gt; [249,] 0.3342365 0.3296244 0.3361391
#&gt; [250,] 0.3354039 0.3345806 0.3300155
#&gt; [251,] 0.3358100 0.3228594 0.3413306
#&gt; [252,] 0.3328261 0.3290004 0.3381735
#&gt; [253,] 0.3328250 0.3263957 0.3407793
#&gt; [254,] 0.3320621 0.3261722 0.3417657
#&gt; [255,] 0.3340926 0.3255805 0.3403269
#&gt; [256,] 0.3334816 0.3258011 0.3407173
#&gt; [257,] 0.3331802 0.3255950 0.3412248
#&gt; [258,] 0.3352391 0.3204921 0.3442688
#&gt; [259,] 0.3303509 0.3250367 0.3446124
#&gt; [260,] 0.3336186 0.3278508 0.3385306
#&gt; [261,] 0.3341105 0.3272823 0.3386073
#&gt; [262,] 0.3327606 0.3276027 0.3396367
#&gt; [263,] 0.3314504 0.3269620 0.3415876
#&gt; [264,] 0.3329308 0.3268445 0.3402247
#&gt; [265,] 0.3354142 0.3260389 0.3385469
#&gt; [266,] 0.3388023 0.3369157 0.3242820
#&gt; [267,] 0.3304922 0.3274678 0.3420400
#&gt; [268,] 0.3342259 0.3269363 0.3388378
#&gt; [269,] 0.3345229 0.3270465 0.3384306
#&gt; [270,] 0.3328298 0.3272265 0.3399437
#&gt; [271,] 0.3353757 0.3199807 0.3446437
#&gt; [272,] 0.3341530 0.3251046 0.3407424
#&gt; [273,] 0.3281547 0.3286155 0.3432297
#&gt; [274,] 0.3328022 0.3279205 0.3392773
#&gt; [275,] 0.3333524 0.3284329 0.3382147
#&gt; [276,] 0.3363620 0.3311886 0.3324495
#&gt; [277,] 0.3311188 0.3289080 0.3399732
#&gt; [278,] 0.3337815 0.3255781 0.3406404
#&gt; [279,] 0.3350201 0.3220795 0.3429005
#&gt; [280,] 0.3340787 0.3194730 0.3464483
#&gt; [281,] 0.3316840 0.3270812 0.3412348
#&gt; [282,] 0.3373100 0.3300065 0.3326835
#&gt; [283,] 0.3294164 0.3261119 0.3444717
#&gt; [284,] 0.3369826 0.3311724 0.3318451
#&gt; [285,] 0.3329448 0.3249763 0.3420789
#&gt; [286,] 0.3312984 0.3253437 0.3433579
#&gt; [287,] 0.3336635 0.3209901 0.3453463
#&gt; [288,] 0.3336842 0.3253712 0.3409445
#&gt; [289,] 0.3312529 0.3276636 0.3410834
#&gt; [290,] 0.3300817 0.3265467 0.3433715
#&gt; [291,] 0.3343547 0.3190942 0.3465511
#&gt; [292,] 0.3362025 0.3222164 0.3415811
#&gt; [293,] 0.3309554 0.3276623 0.3413822
#&gt; [294,] 0.3348880 0.3231952 0.3419168
#&gt; [295,] 0.3324663 0.3264415 0.3410923
#&gt; [296,] 0.3333891 0.3274092 0.3392017
#&gt; [297,] 0.3295168 0.3285759 0.3419073
#&gt; [298,] 0.3317622 0.3270624 0.3411755
#&gt; [299,] 0.3323253 0.3268466 0.3408281
#&gt; [300,] 0.3337041 0.3276929 0.3386030</div></pre>
  </div>
  <div class="col-md-3 hidden-xs hidden-sm" id="sidebar">
    <h2>Contents</h2>
    <ul class="nav nav-pills nav-stacked">
      <li><a href="#arguments">Arguments</a></li>
      
      <li><a href="#references">References</a></li>
      
      <li><a href="#examples">Examples</a></li>
    </ul>

    <h2>Author</h2>
    
Mehmet Gonen

  </div>
</div>

      <footer>
      <div class="copyright">
  <p>Developed by Alessandra Cabassi.</p>
</div>

<div class="pkgdown">
  <p>Site built with <a href="http://pkgdown.r-lib.org/">pkgdown</a>.</p>
</div>

      </footer>
   </div>

  

  </body>
</html>

