<!-- Generated by pkgdown: do not edit by hand -->
<!DOCTYPE html>
<html lang="en">
  <head>
  <meta charset="utf-8">
<meta http-equiv="X-UA-Compatible" content="IE=edge">
<meta name="viewport" content="width=device-width, initial-scale=1.0">

<title>Localised multiple kernel k-means — lmkkmeans • klic</title>


<!-- jquery -->
<script src="https://cdnjs.cloudflare.com/ajax/libs/jquery/3.4.1/jquery.min.js" integrity="sha256-CSXorXvZcTkaix6Yvo6HppcZGetbYMGWSFlBw8HfCJo=" crossorigin="anonymous"></script>
<!-- Bootstrap -->
<link href="https://cdnjs.cloudflare.com/ajax/libs/bootswatch/3.4.0/yeti/bootstrap.min.css" rel="stylesheet" crossorigin="anonymous" />


<script src="https://cdnjs.cloudflare.com/ajax/libs/twitter-bootstrap/3.4.1/js/bootstrap.min.js" integrity="sha256-nuL8/2cJ5NDSSwnKD8VqreErSWHtnEP9E7AySL+1ev4=" crossorigin="anonymous"></script>

<!-- bootstrap-toc -->
<link rel="stylesheet" href="../bootstrap-toc.css">
<script src="../bootstrap-toc.js"></script>

<!-- Font Awesome icons -->
<link rel="stylesheet" href="https://cdnjs.cloudflare.com/ajax/libs/font-awesome/5.12.1/css/all.min.css" integrity="sha256-mmgLkCYLUQbXn0B1SRqzHar6dCnv9oZFPEC1g1cwlkk=" crossorigin="anonymous" />
<link rel="stylesheet" href="https://cdnjs.cloudflare.com/ajax/libs/font-awesome/5.12.1/css/v4-shims.min.css" integrity="sha256-wZjR52fzng1pJHwx4aV2AO3yyTOXrcDW7jBpJtTwVxw=" crossorigin="anonymous" />

<!-- clipboard.js -->
<script src="https://cdnjs.cloudflare.com/ajax/libs/clipboard.js/2.0.6/clipboard.min.js" integrity="sha256-inc5kl9MA1hkeYUt+EC3BhlIgyp/2jDIyBLS6k3UxPI=" crossorigin="anonymous"></script>

<!-- headroom.js -->
<script src="https://cdnjs.cloudflare.com/ajax/libs/headroom/0.11.0/headroom.min.js" integrity="sha256-AsUX4SJE1+yuDu5+mAVzJbuYNPHj/WroHuZ8Ir/CkE0=" crossorigin="anonymous"></script>
<script src="https://cdnjs.cloudflare.com/ajax/libs/headroom/0.11.0/jQuery.headroom.min.js" integrity="sha256-ZX/yNShbjqsohH1k95liqY9Gd8uOiE1S4vZc+9KQ1K4=" crossorigin="anonymous"></script>

<!-- pkgdown -->
<link href="../pkgdown.css" rel="stylesheet">
<script src="../pkgdown.js"></script>




<meta property="og:title" content="Localised multiple kernel k-means — lmkkmeans" />
<meta property="og:description" content="Perform the training step of the localised multiple kernel k-means." />




<!-- mathjax -->
<script src="https://cdnjs.cloudflare.com/ajax/libs/mathjax/2.7.5/MathJax.js" integrity="sha256-nvJJv9wWKEm88qvoQl9ekL2J+k/RWIsaSScxxlsrv8k=" crossorigin="anonymous"></script>
<script src="https://cdnjs.cloudflare.com/ajax/libs/mathjax/2.7.5/config/TeX-AMS-MML_HTMLorMML.js" integrity="sha256-84DKXVJXs0/F8OTMzX4UR909+jtl4G7SPypPavF+GfA=" crossorigin="anonymous"></script>

<!--[if lt IE 9]>
<script src="https://oss.maxcdn.com/html5shiv/3.7.3/html5shiv.min.js"></script>
<script src="https://oss.maxcdn.com/respond/1.4.2/respond.min.js"></script>
<![endif]-->


<!-- Global site tag (gtag.js) - Google Analytics -->
<script async src="https://www.googletagmanager.com/gtag/js?id=UA-128138627-4"></script>
<script>
  window.dataLayer = window.dataLayer || [];
  function gtag(){dataLayer.push(arguments);}
  gtag('js', new Date());

  gtag('config', 'UA-128138627-4');
</script>


  </head>

  <body data-spy="scroll" data-target="#toc">
    <div class="container template-reference-topic">
      <header>
      <div class="navbar navbar-default navbar-fixed-top" role="navigation">
  <div class="container">
    <div class="navbar-header">
      <button type="button" class="navbar-toggle collapsed" data-toggle="collapse" data-target="#navbar" aria-expanded="false">
        <span class="sr-only">Toggle navigation</span>
        <span class="icon-bar"></span>
        <span class="icon-bar"></span>
        <span class="icon-bar"></span>
      </button>
      <span class="navbar-brand">
        <a class="navbar-link" href="../index.html">klic</a>
        <span class="version label label-default" data-toggle="tooltip" data-placement="bottom" title="Released version">1.0.4</span>
      </span>
    </div>

    <div id="navbar" class="navbar-collapse collapse">
      <ul class="nav navbar-nav">
        <li>
  <a href="../articles/index.html">
    <span class="fa fa-play-circle"></span>
     
    Vignettes
  </a>
</li>
<li>
  <a href="../reference/index.html">
    <span class="fa fa-pencil"></span>
     
    Documentation
  </a>
</li>
<li>
  <a href="https://github.com/acabassi/klic">
    <span class="fa fa-github fa-lg"></span>
     
    GitHub
  </a>
</li>
      </ul>
      <ul class="nav navbar-nav navbar-right">
        <li>
  <a href="http://github.com/acabassi/klic/">
    <span class="fab fa fab fa-github fa-lg"></span>
     
  </a>
</li>
      </ul>
      
    </div><!--/.nav-collapse -->
  </div><!--/.container -->
</div><!--/.navbar -->

      

      </header>

<div class="row">
  <div class="col-md-9 contents">
    <div class="page-header">
    <h1>Localised multiple kernel k-means</h1>
    <small class="dont-index">Source: <a href='http://github.com/acabassi/klic/blob/master/R/lmkkmeans.R'><code>R/lmkkmeans.R</code></a></small>
    <div class="hidden name"><code>lmkkmeans.Rd</code></div>
    </div>

    <div class="ref-description">
    <p>Perform the training step of the localised multiple kernel k-means.</p>
    </div>

    <pre class="usage"><span class='fu'>lmkkmeans</span>(<span class='no'>Km</span>, <span class='no'>parameters</span>, <span class='kw'>verbose</span> <span class='kw'>=</span> <span class='fl'>FALSE</span>)</pre>

    <h2 class="hasAnchor" id="arguments"><a class="anchor" href="#arguments"></a>Arguments</h2>
    <table class="ref-arguments">
    <colgroup><col class="name" /><col class="desc" /></colgroup>
    <tr>
      <th>Km</th>
      <td><p>An array of size N x N x M containing M different N x N kernel
matrices.</p></td>
    </tr>
    <tr>
      <th>parameters</th>
      <td><p>A list of parameters containing the desired number of
clusters, <code>cluster_count</code>, and the number of iterations of the
algorithm to be run, <code>iteration_count</code>.</p></td>
    </tr>
    <tr>
      <th>verbose</th>
      <td><p>Boolean flag. If TRUE, at each iteration the iteration number
is printed. Default is FALSE.</p></td>
    </tr>
    </table>

    <h2 class="hasAnchor" id="value"><a class="anchor" href="#value"></a>Value</h2>

    <p>This function returns a list containing:</p>
<dt>clustering</dt><dd><p>the cluster labels for each element (i.e. row/column) of
the kernel matrix.</p></dd>
<dt>objective</dt><dd><p>the value of the objective function for the given
clustering.</p></dd>
<dt>parameters</dt><dd><p>same parameters as in the input.</p></dd>
<dt>Theta</dt><dd><p>N x M matrix of weights, each row corresponds to an observation
and each column to one of the kernels.</p></dd>

    <h2 class="hasAnchor" id="references"><a class="anchor" href="#references"></a>References</h2>

    <p>Gonen, M. and Margolin, A.A., 2014. Localized data fusion for
kernel k-means clustering with application to cancer biology. In Advances in
Neural Information Processing Systems (pp. 1305-1313).</p>

    <h2 class="hasAnchor" id="examples"><a class="anchor" href="#examples"></a>Examples</h2>
    <pre class="examples"><div class='input'><span class='kw'>if</span>(<span class='fu'><a href='https://rdrr.io/r/base/ns-load.html'>requireNamespace</a></span>(<span class='st'>"Rmosek"</span>, <span class='kw'>quietly</span> <span class='kw'>=</span> <span class='fl'>TRUE</span>) <span class='kw'>&amp;&amp;</span>
(!<span class='fu'><a href='https://rdrr.io/r/base/NULL.html'>is.null</a></span>(<span class='kw pkg'>utils</span><span class='kw ns'>::</span><span class='fu'><a href='https://rdrr.io/r/utils/packageDescription.html'>packageDescription</a></span>(<span class='st'>"Rmosek"</span>)$<span class='no'>Configured.MSK_VERSION</span>))){

<span class='co'># Initialise 100 x 100 x 3 array containing M kernel matrices</span>
<span class='co'># representing three different types of similarities between 100 data points</span>
<span class='no'>km</span> <span class='kw'>&lt;-</span> <span class='fu'><a href='https://rdrr.io/r/base/array.html'>array</a></span>(<span class='fl'>NA</span>, <span class='fu'><a href='https://rdrr.io/r/base/c.html'>c</a></span>(<span class='fl'>100</span>, <span class='fl'>100</span>, <span class='fl'>3</span>))
<span class='co'># Load kernel matrices</span>
<span class='no'>km</span>[,,<span class='fl'>1</span>] <span class='kw'>&lt;-</span> <span class='fu'><a href='https://rdrr.io/r/base/matrix.html'>as.matrix</a></span>(<span class='fu'><a href='https://rdrr.io/r/utils/read.table.html'>read.csv</a></span>(<span class='fu'><a href='https://rdrr.io/r/base/system.file.html'>system.file</a></span>(<span class='st'>'extdata'</span>,
<span class='st'>'kernel_matrix1.csv'</span>, <span class='kw'>package</span> <span class='kw'>=</span> <span class='st'>'klic'</span>), <span class='kw'>row.names</span> <span class='kw'>=</span> <span class='fl'>1</span>))
<span class='no'>km</span>[,,<span class='fl'>2</span>] <span class='kw'>&lt;-</span> <span class='fu'><a href='https://rdrr.io/r/base/matrix.html'>as.matrix</a></span>(<span class='fu'><a href='https://rdrr.io/r/utils/read.table.html'>read.csv</a></span>(<span class='fu'><a href='https://rdrr.io/r/base/system.file.html'>system.file</a></span>(<span class='st'>'extdata'</span>,
<span class='st'>'kernel_matrix2.csv'</span>, <span class='kw'>package</span> <span class='kw'>=</span> <span class='st'>'klic'</span>), <span class='kw'>row.names</span> <span class='kw'>=</span> <span class='fl'>1</span>))
<span class='no'>km</span>[,,<span class='fl'>3</span>] <span class='kw'>&lt;-</span> <span class='fu'><a href='https://rdrr.io/r/base/matrix.html'>as.matrix</a></span>(<span class='fu'><a href='https://rdrr.io/r/utils/read.table.html'>read.csv</a></span>(<span class='fu'><a href='https://rdrr.io/r/base/system.file.html'>system.file</a></span>(<span class='st'>'extdata'</span>,
<span class='st'>'kernel_matrix3.csv'</span>, <span class='kw'>package</span> <span class='kw'>=</span> <span class='st'>'klic'</span>), <span class='kw'>row.names</span> <span class='kw'>=</span> <span class='fl'>1</span>))

<span class='co'># Initalize the parameters of the algorithm</span>
<span class='no'>parameters</span> <span class='kw'>&lt;-</span> <span class='fu'><a href='https://rdrr.io/r/base/list.html'>list</a></span>()
<span class='co'># Set the number of clusters</span>
<span class='no'>parameters</span>$<span class='no'>cluster_count</span> <span class='kw'>&lt;-</span> <span class='fl'>4</span>
<span class='co'># Set the number of iterations</span>
<span class='no'>parameters</span>$<span class='no'>iteration_count</span> <span class='kw'>&lt;-</span> <span class='fl'>10</span>

<span class='co'># Perform training</span>
<span class='no'>state</span> <span class='kw'>&lt;-</span> <span class='fu'>lmkkmeans</span>(<span class='no'>km</span>, <span class='no'>parameters</span>)

<span class='co'># Display the clustering</span>
<span class='fu'><a href='https://rdrr.io/r/base/print.html'>print</a></span>(<span class='no'>state</span>$<span class='no'>clustering</span>)
<span class='co'># Display the kernel weights</span>
<span class='fu'><a href='https://rdrr.io/r/base/print.html'>print</a></span>(<span class='no'>state</span>$<span class='no'>Theta</span>)
}</div><div class='output co'>#&gt;   [1] 3 3 3 3 3 3 3 3 3 3 3 3 3 3 3 3 3 3 3 3 3 3 3 3 3 4 4 4 4 4 4 4 4 4 4 4 4
#&gt;  [38] 4 4 4 4 4 4 4 4 4 4 4 4 4 2 2 2 2 2 2 2 2 2 2 2 2 2 2 2 2 2 2 2 2 2 2 2 2
#&gt;  [75] 2 1 1 1 1 1 1 1 1 1 1 1 1 1 1 1 1 1 1 1 1 1 1 1 1 1
#&gt;             [,1]      [,2]      [,3]
#&gt;   [1,] 0.4066871 0.1866257 0.4066871
#&gt;   [2,] 0.4066248 0.1867505 0.4066248
#&gt;   [3,] 0.4069210 0.1861580 0.4069210
#&gt;   [4,] 0.4065649 0.1868701 0.4065649
#&gt;   [5,] 0.4064623 0.1870755 0.4064623
#&gt;   [6,] 0.4066740 0.1866520 0.4066740
#&gt;   [7,] 0.4064532 0.1870936 0.4064532
#&gt;   [8,] 0.4069894 0.1860211 0.4069894
#&gt;   [9,] 0.4069372 0.1861257 0.4069372
#&gt;  [10,] 0.4065929 0.1868143 0.4065929
#&gt;  [11,] 0.4065555 0.1868890 0.4065555
#&gt;  [12,] 0.4066635 0.1866730 0.4066635
#&gt;  [13,] 0.4064283 0.1871434 0.4064283
#&gt;  [14,] 0.4065290 0.1869420 0.4065290
#&gt;  [15,] 0.4150902 0.1698196 0.4150902
#&gt;  [16,] 0.4065866 0.1868268 0.4065866
#&gt;  [17,] 0.4076883 0.1846234 0.4076883
#&gt;  [18,] 0.4064380 0.1871239 0.4064380
#&gt;  [19,] 0.4062025 0.1875951 0.4062025
#&gt;  [20,] 0.4063443 0.1873114 0.4063443
#&gt;  [21,] 0.4435560 0.1128879 0.4435560
#&gt;  [22,] 0.4064236 0.1871527 0.4064236
#&gt;  [23,] 0.4436630 0.1126740 0.4436630
#&gt;  [24,] 0.4064633 0.1870735 0.4064633
#&gt;  [25,] 0.4062632 0.1874737 0.4062632
#&gt;  [26,] 0.3359660 0.2824412 0.3815928
#&gt;  [27,] 0.3360494 0.2823689 0.3815817
#&gt;  [28,] 0.3346875 0.2854155 0.3798970
#&gt;  [29,] 0.3350990 0.2841497 0.3807513
#&gt;  [30,] 0.3355585 0.2831875 0.3812540
#&gt;  [31,] 0.3356937 0.2831610 0.3811454
#&gt;  [32,] 0.3347741 0.2852509 0.3799749
#&gt;  [33,] 0.3344107 0.2852842 0.3803051
#&gt;  [34,] 0.3363633 0.2821830 0.3814537
#&gt;  [35,] 0.3345492 0.2854246 0.3800262
#&gt;  [36,] 0.3340804 0.2859448 0.3799748
#&gt;  [37,] 0.3348351 0.2848885 0.3802764
#&gt;  [38,] 0.3349863 0.2850091 0.3800046
#&gt;  [39,] 0.3345966 0.2851681 0.3802353
#&gt;  [40,] 0.3350216 0.2841361 0.3808422
#&gt;  [41,] 0.3351509 0.2838918 0.3809574
#&gt;  [42,] 0.3362762 0.2824793 0.3812446
#&gt;  [43,] 0.3359393 0.2828867 0.3811741
#&gt;  [44,] 0.3441647 0.2671335 0.3887018
#&gt;  [45,] 0.3346128 0.2851719 0.3802153
#&gt;  [46,] 0.3406529 0.2740708 0.3852763
#&gt;  [47,] 0.2992359 0.3066492 0.3941149
#&gt;  [48,] 0.3350930 0.2843725 0.3805345
#&gt;  [49,] 0.3352603 0.2838617 0.3808780
#&gt;  [50,] 0.3369521 0.2811097 0.3819382
#&gt;  [51,] 0.4075357 0.2504421 0.3420222
#&gt;  [52,] 0.4071570 0.2508353 0.3420077
#&gt;  [53,] 0.4065589 0.2515709 0.3418703
#&gt;  [54,] 0.4091744 0.2495600 0.3412656
#&gt;  [55,] 0.4065905 0.2513836 0.3420258
#&gt;  [56,] 0.4601467 0.1424690 0.3973842
#&gt;  [57,] 0.4080665 0.2504276 0.3415059
#&gt;  [58,] 0.4070402 0.2507407 0.3422192
#&gt;  [59,] 0.4065388 0.2511437 0.3423174
#&gt;  [60,] 0.4105611 0.2456084 0.3438305
#&gt;  [61,] 0.3847057 0.2645033 0.3507910
#&gt;  [62,] 0.4073655 0.2522162 0.3404182
#&gt;  [63,] 0.4063891 0.2510189 0.3425920
#&gt;  [64,] 0.4054189 0.2517202 0.3428609
#&gt;  [65,] 0.4345827 0.3049675 0.2604499
#&gt;  [66,] 0.4024586 0.2534400 0.3441014
#&gt;  [67,] 0.4039574 0.2528448 0.3431977
#&gt;  [68,] 0.4308033 0.2022473 0.3669494
#&gt;  [69,] 0.4072355 0.2514256 0.3413389
#&gt;  [70,] 0.4022260 0.2542156 0.3435584
#&gt;  [71,] 0.4036579 0.2531407 0.3432015
#&gt;  [72,] 0.4074028 0.2508405 0.3417568
#&gt;  [73,] 0.4083066 0.2502825 0.3414109
#&gt;  [74,] 0.4072305 0.2508834 0.3418860
#&gt;  [75,] 0.4074041 0.2506810 0.3419149
#&gt;  [76,] 0.2737575 0.3432465 0.3829960
#&gt;  [77,] 0.2738642 0.3438923 0.3822435
#&gt;  [78,] 0.2739305 0.3436188 0.3824507
#&gt;  [79,] 0.2769142 0.3457127 0.3773731
#&gt;  [80,] 0.2791570 0.3348787 0.3859643
#&gt;  [81,] 0.2706639 0.3453036 0.3840325
#&gt;  [82,] 0.2775712 0.3373663 0.3850625
#&gt;  [83,] 0.2739370 0.3433571 0.3827058
#&gt;  [84,] 0.2138776 0.3742806 0.4118419
#&gt;  [85,] 0.2738109 0.3438340 0.3823551
#&gt;  [86,] 0.2735696 0.3440028 0.3824276
#&gt;  [87,] 0.2741196 0.3431904 0.3826900
#&gt;  [88,] 0.2737422 0.3436603 0.3825976
#&gt;  [89,] 0.2736212 0.3439577 0.3824212
#&gt;  [90,] 0.2734028 0.3438604 0.3827367
#&gt;  [91,] 0.2750903 0.3452951 0.3796146
#&gt;  [92,] 0.2734233 0.3435575 0.3830193
#&gt;  [93,] 0.2767122 0.3385746 0.3847133
#&gt;  [94,] 0.2742119 0.3430676 0.3827205
#&gt;  [95,] 0.2742497 0.3433326 0.3824177
#&gt;  [96,] 0.2736249 0.3438655 0.3825096
#&gt;  [97,] 0.2736693 0.3440552 0.3822755
#&gt;  [98,] 0.2739329 0.3437411 0.3823260
#&gt;  [99,] 0.2737391 0.3440003 0.3822606
#&gt; [100,] 0.2738335 0.3436816 0.3824849</div></pre>
  </div>
  <div class="col-md-3 hidden-xs hidden-sm" id="pkgdown-sidebar">
    <nav id="toc" data-toggle="toc" class="sticky-top">
      <h2 data-toc-skip>Contents</h2>
    </nav>
  </div>
</div>


      <footer>
      <div class="copyright">
  <p>Developed by <a href='https://alessandracabassi.wordpress.com'>Alessandra Cabassi</a>.</p>
</div>

<div class="pkgdown">
  <p>Site built with <a href="https://pkgdown.r-lib.org/">pkgdown</a> 1.5.1.</p>
</div>

      </footer>
   </div>

  


  </body>
</html>


